# a parameters per element.  The i'th rowcorresponds to the (i-1)'th element in the periodic table (first row is 'X')
9.740000000000000047e-02 2.921000000000000263e-01 6.909999999999999476e-01 6.989999999999999547e-01 2.038999999999999979e-01
3.490000000000000047e-02 1.200999999999999984e-01 1.970000000000000084e-01 5.729999999999999677e-02 1.194999999999999951e-01
3.169999999999999901e-02 8.379999999999999949e-02 1.526000000000000134e-01 1.333999999999999908e-01 1.640000000000000138e-02
7.499999999999999722e-02 2.248999999999999888e-01 5.547999999999999599e-01 1.495400000000000063e+00 9.354000000000000092e-01
7.799999999999999989e-02 2.210000000000000020e-01 6.740000000000000435e-01 1.386700000000000044e+00 6.925000000000000044e-01
9.089999999999999469e-02 2.550999999999999934e-01 7.738000000000000433e-01 1.213600000000000012e+00 4.606000000000000094e-01
8.930000000000000437e-02 2.562999999999999723e-01 7.570000000000000062e-01 1.048699999999999966e+00 3.574999999999999845e-01
1.021999999999999992e-01 3.219000000000000195e-01 7.982000000000000206e-01 8.196999999999999842e-01 1.715000000000000135e-01
9.740000000000000047e-02 2.921000000000000263e-01 6.909999999999999476e-01 6.989999999999999547e-01 2.038999999999999979e-01
1.082999999999999935e-01 3.175000000000000044e-01 6.487000000000000544e-01 5.846000000000000085e-01 1.421000000000000041e-01
1.269000000000000128e-01 3.534999999999999809e-01 5.582000000000000295e-01 4.673999999999999821e-01 1.459999999999999909e-01
2.142000000000000015e-01 6.853000000000000203e-01 7.691999999999999948e-01 1.658900000000000041e+00 1.448199999999999932e+00
2.313999999999999946e-01 6.865999999999999881e-01 9.677000000000000046e-01 2.188200000000000145e+00 1.133899999999999908e+00
2.389999999999999902e-01 6.572999999999999954e-01 1.201100000000000056e+00 2.558600000000000207e+00 1.231200000000000072e+00
2.519000000000000128e-01 6.371999999999999886e-01 1.379499999999999948e+00 2.508199999999999985e+00 1.050000000000000044e+00
2.548000000000000265e-01 6.106000000000000316e-01 1.454099999999999948e+00 2.320399999999999796e+00 8.477000000000000091e-01
2.497000000000000053e-01 5.627999999999999670e-01 1.389899999999999913e+00 2.186500000000000110e+00 7.714999999999999636e-01
2.442999999999999894e-01 5.396999999999999575e-01 1.391899999999999915e+00 2.019699999999999829e+00 6.621000000000000218e-01
2.384999999999999898e-01 5.017000000000000348e-01 1.342799999999999994e+00 1.889899999999999913e+00 6.078999999999999959e-01
4.114999999999999769e-01 1.403100000000000014e+00 2.278399999999999981e+00 2.674199999999999910e+00 2.216200000000000170e+00
4.053999999999999826e-01 1.387999999999999901e+00 2.160200000000000120e+00 3.753200000000000092e+00 2.206300000000000150e+00
3.786999999999999811e-01 1.218099999999999961e+00 2.059400000000000119e+00 3.261800000000000033e+00 2.387000000000000011e+00
3.825000000000000067e-01 1.259800000000000031e+00 2.000799999999999912e+00 3.061700000000000088e+00 2.069399999999999906e+00
3.876000000000000001e-01 1.274999999999999911e+00 1.910900000000000043e+00 2.831399999999999917e+00 1.897899999999999920e+00
4.046000000000000152e-01 1.369599999999999929e+00 1.894099999999999895e+00 2.080000000000000071e+00 1.219600000000000017e+00
3.795999999999999930e-01 1.209400000000000031e+00 1.781500000000000083e+00 2.541999999999999815e+00 1.593699999999999894e+00
3.946000000000000063e-01 1.272499999999999964e+00 1.703100000000000058e+00 2.314000000000000057e+00 1.479500000000000037e+00
4.117999999999999994e-01 1.316100000000000048e+00 1.649299999999999988e+00 2.193000000000000060e+00 1.282999999999999918e+00
3.860000000000000098e-01 1.176500000000000101e+00 1.545099999999999918e+00 2.072999999999999954e+00 1.381399999999999961e+00
4.314000000000000057e-01 1.320799999999999974e+00 1.523600000000000065e+00 1.467100000000000071e+00 8.561999999999999611e-01
4.288000000000000145e-01 1.264599999999999946e+00 1.447200000000000042e+00 1.829399999999999915e+00 1.093399999999999928e+00
4.818000000000000060e-01 1.403200000000000003e+00 1.656099999999999905e+00 2.460500000000000131e+00 1.105399999999999938e+00
4.655000000000000249e-01 1.301399999999999890e+00 1.608800000000000008e+00 2.699800000000000200e+00 1.300300000000000011e+00
4.516999999999999904e-01 1.222900000000000098e+00 1.585199999999999942e+00 2.795799999999999841e+00 1.263800000000000034e+00
4.476999999999999869e-01 1.167799999999999949e+00 1.584300000000000042e+00 2.808699999999999974e+00 1.195599999999999996e+00
4.798000000000000043e-01 1.194800000000000084e+00 1.869499999999999940e+00 2.695300000000000029e+00 8.203000000000000291e-01
4.546000000000000041e-01 1.099299999999999944e+00 1.769600000000000062e+00 2.706799999999999873e+00 8.671999999999999709e-01
1.016000000000000014e+00 2.852799999999999780e+00 3.546600000000000197e+00 -7.780400000000000205e+00 1.211480000000000068e+01
6.703000000000000069e-01 1.492599999999999927e+00 3.336800000000000210e+00 4.459999999999999964e+00 3.150100000000000122e+00
6.894000000000000128e-01 1.547400000000000109e+00 3.245000000000000107e+00 4.212600000000000122e+00 2.976399999999999935e+00
6.719000000000000528e-01 1.468399999999999928e+00 3.166799999999999837e+00 3.955700000000000216e+00 2.891999999999999904e+00
6.122999999999999554e-01 1.267700000000000049e+00 3.034800000000000164e+00 3.384100000000000108e+00 2.368300000000000072e+00
6.773000000000000131e-01 1.479800000000000004e+00 3.178799999999999848e+00 3.082399999999999807e+00 1.838400000000000034e+00
7.082000000000000517e-01 1.639199999999999990e+00 3.199300000000000033e+00 3.432700000000000085e+00 1.871099999999999985e+00
6.734999999999999876e-01 1.493400000000000061e+00 3.096600000000000019e+00 2.725400000000000045e+00 1.559700000000000086e+00
6.412999999999999812e-01 1.368999999999999995e+00 2.985399999999999832e+00 2.695199999999999818e+00 1.543299999999999894e+00
5.904000000000000359e-01 1.177499999999999991e+00 2.651899999999999924e+00 2.287500000000000089e+00 8.689000000000000057e-01
6.377000000000000446e-01 1.379000000000000004e+00 2.829400000000000137e+00 2.363100000000000200e+00 1.455300000000000038e+00
6.363999999999999657e-01 1.424700000000000077e+00 2.780199999999999783e+00 2.597300000000000164e+00 1.788599999999999968e+00
6.767999999999999572e-01 1.658900000000000041e+00 2.774000000000000021e+00 3.183499999999999996e+00 2.132600000000000051e+00
7.224000000000000421e-01 1.961000000000000076e+00 2.716099999999999959e+00 3.560299999999999798e+00 1.897199999999999998e+00
7.106000000000000094e-01 1.924700000000000077e+00 2.614900000000000002e+00 3.832199999999999829e+00 1.889899999999999913e+00
6.946999999999999842e-01 1.868999999999999995e+00 2.535600000000000076e+00 4.001299999999999635e+00 1.895499999999999963e+00
7.046999999999999931e-01 1.948399999999999910e+00 2.593999999999999861e+00 4.152599999999999625e+00 1.505700000000000038e+00
6.736999999999999655e-01 1.790799999999999947e+00 2.412900000000000045e+00 4.209999999999999964e+00 1.705799999999999983e+00
1.270399999999999974e+00 3.801800000000000068e+00 5.661800000000000388e+00 9.204999999999999849e-01 4.810500000000000220e+00
9.049000000000000377e-01 2.607600000000000140e+00 4.849800000000000111e+00 5.160300000000000331e+00 4.738800000000000345e+00
8.405000000000000249e-01 2.386299999999999866e+00 4.613900000000000112e+00 5.151399999999999757e+00 4.794900000000000162e+00
8.550999999999999712e-01 2.391500000000000181e+00 4.577200000000000379e+00 5.027800000000000047e+00 4.511800000000000033e+00
9.095999999999999641e-01 2.531299999999999883e+00 4.526600000000000179e+00 4.637599999999999945e+00 4.368999999999999773e+00
8.807000000000000384e-01 2.418299999999999894e+00 4.444799999999999862e+00 4.685800000000000409e+00 4.172500000000000320e+00
9.471000000000000529e-01 2.546300000000000008e+00 4.352299999999999613e+00 4.478900000000000325e+00 3.907999999999999918e+00
9.698999999999999844e-01 2.583699999999999886e+00 4.277800000000000047e+00 4.457499999999999574e+00 3.598500000000000032e+00
8.693999999999999506e-01 2.241299999999999848e+00 3.919599999999999973e+00 3.969399999999999817e+00 4.549800000000000288e+00
9.673000000000000487e-01 2.470200000000000173e+00 4.114799999999999791e+00 4.497200000000000308e+00 3.209900000000000198e+00
9.324999999999999956e-01 2.367300000000000182e+00 3.879100000000000215e+00 3.967400000000000038e+00 3.799599999999999866e+00
9.505000000000000115e-01 2.370499999999999829e+00 3.821800000000000086e+00 4.047100000000000364e+00 3.445100000000000051e+00
9.247999999999999554e-01 2.242799999999999905e+00 3.618199999999999861e+00 3.790999999999999925e+00 3.791199999999999903e+00
1.037300000000000111e+00 2.482400000000000162e+00 3.655800000000000161e+00 3.892500000000000071e+00 3.005599999999999827e+00
1.007500000000000062e+00 2.378699999999999815e+00 3.544000000000000039e+00 3.693200000000000038e+00 3.175899999999999945e+00
1.034699999999999953e+00 2.391099999999999781e+00 3.461899999999999977e+00 3.655600000000000183e+00 3.005199999999999871e+00
9.927000000000000268e-01 2.243599999999999817e+00 3.355399999999999938e+00 3.781299999999999883e+00 3.099400000000000155e+00
1.029500000000000082e+00 2.291100000000000136e+00 3.411000000000000032e+00 3.949699999999999989e+00 2.492500000000000160e+00
1.018999999999999906e+00 2.229099999999999859e+00 3.409699999999999953e+00 3.925199999999999800e+00 2.267900000000000027e+00
9.852999999999999536e-01 2.116699999999999804e+00 3.357000000000000206e+00 3.798099999999999810e+00 2.279799999999999827e+00
9.913999999999999480e-01 2.085799999999999876e+00 3.453100000000000058e+00 3.881200000000000205e+00 1.852600000000000025e+00
9.812999999999999501e-01 2.032200000000000006e+00 3.366499999999999826e+00 3.623499999999999943e+00 1.974099999999999966e+00
1.019400000000000084e+00 2.064499999999999780e+00 3.442499999999999893e+00 3.491400000000000059e+00 1.697599999999999998e+00
9.147999999999999465e-01 1.809600000000000097e+00 3.213400000000000034e+00 3.295300000000000118e+00 1.575399999999999912e+00
9.674000000000000377e-01 1.891599999999999948e+00 3.399300000000000210e+00 3.052400000000000002e+00 1.260699999999999932e+00
1.003300000000000081e+00 1.946900000000000075e+00 3.439599999999999991e+00 3.154799999999999827e+00 1.417999999999999927e+00
1.068899999999999961e+00 2.103800000000000114e+00 3.603899999999999881e+00 3.492700000000000138e+00 1.828300000000000036e+00
1.089099999999999957e+00 2.186700000000000088e+00 3.616000000000000103e+00 3.803100000000000147e+00 1.899399999999999977e+00
1.100700000000000012e+00 2.230599999999999916e+00 3.568900000000000183e+00 4.154899999999999594e+00 2.038199999999999790e+00
1.156800000000000050e+00 2.435299999999999798e+00 3.645900000000000141e+00 4.406399999999999650e+00 1.717899999999999983e+00
1.090899999999999981e+00 2.197599999999999998e+00 3.383100000000000218e+00 4.669999999999999929e+00 2.127699999999999925e+00
1.075599999999999890e+00 2.162999999999999812e+00 3.317800000000000082e+00 4.885200000000000209e+00 2.048900000000000166e+00
1.428199999999999914e+00 3.508100000000000218e+00 5.676700000000000301e+00 4.196399999999999686e+00 3.894600000000000062e+00
1.312699999999999978e+00 3.124299999999999855e+00 5.298799999999999955e+00 5.389100000000000001e+00 5.413299999999999557e+00
1.312799999999999967e+00 3.102100000000000080e+00 5.338499999999999801e+00 5.961100000000000065e+00 4.756199999999999761e+00
1.255300000000000082e+00 2.917800000000000171e+00 5.086199999999999832e+00 6.120599999999999596e+00 4.712200000000000166e+00
1.321800000000000086e+00 3.144400000000000084e+00 5.437100000000000044e+00 5.644400000000000084e+00 4.010699999999999932e+00
1.338200000000000056e+00 3.204299999999999926e+00 5.455799999999999983e+00 5.483900000000000219e+00 3.634199999999999875e+00
1.519300000000000095e+00 4.005300000000000082e+00 6.532700000000000173e+00 -1.401999999999999913e-01 6.748899999999999899e+00
1.351699999999999902e+00 3.293699999999999850e+00 5.321299999999999919e+00 4.646600000000000286e+00 3.571400000000000130e+00
1.213500000000000023e+00 2.796199999999999797e+00 4.754500000000000171e+00 4.573100000000000165e+00 4.478600000000000136e+00
1.293700000000000072e+00 3.109999999999999876e+00 5.039299999999999891e+00 4.754599999999999937e+00 3.503099999999999881e+00
1.291500000000000092e+00 3.102300000000000058e+00 4.930900000000000283e+00 4.600900000000000212e+00 3.466099999999999959e+00
1.208900000000000086e+00 2.739100000000000090e+00 4.348200000000000287e+00 4.004699999999999704e+00 4.649700000000000166e+00
