# b parameters per element.  The i'th rowcorresponds to the (i-1)'th element in the periodic table (first row is 'X')
2.066999999999999948e-01 1.381499999999999950e+00 4.694300000000000139e+00 1.271049999999999969e+01 3.247259999999999991e+01
5.346999999999999531e-01 3.586699999999999999e+00 1.234709999999999930e+01 1.895250000000000057e+01 3.862689999999999912e+01
2.506999999999999784e-01 1.475100000000000078e+00 4.493800000000000239e+00 1.266460000000000008e+01 3.116529999999999845e+01
3.864000000000000212e-01 2.938299999999999912e+00 1.538289999999999935e+01 5.355449999999999733e+01 1.387336999999999989e+02
3.130999999999999894e-01 2.238100000000000200e+00 1.015169999999999995e+01 3.090609999999999857e+01 7.832729999999999393e+01
2.994999999999999885e-01 2.115499999999999936e+00 8.381600000000000605e+00 2.412920000000000087e+01 6.313139999999999930e+01
2.464999999999999969e-01 1.709999999999999964e+00 6.409399999999999764e+00 1.861129999999999995e+01 5.025229999999999819e+01
2.451000000000000123e-01 1.748099999999999987e+00 6.192499999999999893e+00 1.738939999999999841e+01 4.814309999999999690e+01
2.066999999999999948e-01 1.381499999999999950e+00 4.694300000000000139e+00 1.271049999999999969e+01 3.247259999999999991e+01
2.056999999999999940e-01 1.343900000000000095e+00 4.278800000000000381e+00 1.139320000000000022e+01 2.878810000000000002e+01
2.200000000000000011e-01 1.377899999999999903e+00 4.020299999999999763e+00 9.493399999999999395e+00 2.312780000000000058e+01
3.333999999999999742e-01 2.344599999999999795e+00 1.008300000000000018e+01 4.830369999999999919e+01 1.382700000000000102e+02
3.277999999999999803e-01 2.271999999999999797e+00 1.092409999999999926e+01 3.928979999999999961e+01 1.019748000000000019e+02
3.138000000000000234e-01 2.106300000000000061e+00 1.041629999999999967e+01 3.445519999999999783e+01 9.853440000000000509e+01
3.074999999999999956e-01 2.017399999999999860e+00 9.674599999999999866e+00 2.937440000000000140e+01 8.047320000000000562e+01
2.908000000000000029e-01 1.874000000000000110e+00 8.517599999999999838e+00 2.434339999999999904e+01 6.329959999999999809e+01
2.681000000000000050e-01 1.671100000000000030e+00 7.026699999999999946e+00 1.953770000000000095e+01 5.038880000000000337e+01
2.467999999999999916e-01 1.524199999999999999e+00 6.153699999999999726e+00 1.666870000000000118e+01 4.230859999999999843e+01
2.288999999999999924e-01 1.369399999999999951e+00 5.256099999999999994e+00 1.409280000000000044e+01 3.553609999999999758e+01
3.703000000000000180e-01 3.387399999999999967e+00 1.310289999999999999e+01 6.895919999999999561e+01 1.944328999999999894e+02
3.498999999999999888e-01 3.099099999999999966e+00 1.196080000000000076e+01 5.393529999999999802e+01 1.423891999999999882e+02
3.133000000000000229e-01 2.585599999999999898e+00 9.581300000000000594e+00 4.176879999999999882e+01 1.167282000000000011e+02
3.039999999999999925e-01 2.486299999999999955e+00 9.278299999999999770e+00 3.907509999999999906e+01 1.094582999999999942e+02
2.967000000000000193e-01 2.378000000000000114e+00 8.798099999999999810e+00 3.595280000000000342e+01 1.017201000000000022e+02
2.985999999999999766e-01 2.395799999999999930e+00 9.140599999999999170e+00 3.747010000000000218e+01 1.137121000000000066e+02
2.698999999999999733e-01 2.045500000000000096e+00 7.472599999999999909e+00 3.106040000000000134e+01 9.156220000000000425e+01
2.716999999999999971e-01 2.044299999999999784e+00 7.600699999999999790e+00 2.997139999999999915e+01 8.622650000000000148e+01
2.741999999999999993e-01 2.037199999999999900e+00 7.720500000000000362e+00 2.996799999999999997e+01 8.493829999999999814e+01
2.477999999999999925e-01 1.766000000000000014e+00 6.310699999999999754e+00 2.522040000000000148e+01 7.431459999999999866e+01
2.693999999999999728e-01 1.922299999999999898e+00 7.347400000000000375e+00 2.898920000000000030e+01 9.062460000000000093e+01
2.592999999999999750e-01 1.799800000000000066e+00 6.750000000000000000e+00 2.558599999999999852e+01 7.352840000000000487e+01
2.824999999999999734e-01 1.978499999999999925e+00 8.754599999999999937e+00 3.252380000000000138e+01 9.855230000000000246e+01
2.646999999999999909e-01 1.792599999999999971e+00 7.607099999999999973e+00 2.655409999999999826e+01 7.752379999999999427e+01
2.492999999999999938e-01 1.643599999999999950e+00 6.815400000000000347e+00 2.236809999999999832e+01 6.203900000000000148e+01
2.404999999999999916e-01 1.544200000000000017e+00 6.323100000000000165e+00 1.946099999999999852e+01 5.202329999999999899e+01
2.504000000000000115e-01 1.596300000000000052e+00 6.965300000000000047e+00 1.984919999999999973e+01 5.032330000000000325e+01
2.308999999999999941e-01 1.427899999999999947e+00 5.944899999999999629e+00 1.667520000000000024e+01 4.222429999999999950e+01
4.853000000000000091e-01 5.092500000000000249e+00 2.578509999999999991e+01 1.304515000000000100e+02 1.386775000000000091e+02
3.190000000000000058e-01 2.228699999999999903e+00 1.035040000000000049e+01 5.232909999999999684e+01 1.512215999999999951e+02
3.189000000000000168e-01 2.290399999999999991e+00 1.000619999999999976e+01 4.407710000000000150e+01 1.250120000000000005e+02
3.035999999999999810e-01 2.124899999999999789e+00 8.923600000000000421e+00 3.684579999999999700e+01 1.082048999999999950e+02
2.708999999999999742e-01 1.768299999999999983e+00 7.248899999999999899e+00 2.794650000000000034e+01 9.856239999999999668e+01
2.919999999999999818e-01 2.060599999999999987e+00 8.112899999999999778e+00 3.053359999999999985e+01 1.000657999999999959e+02
2.975999999999999757e-01 2.210599999999999898e+00 8.524599999999999511e+00 3.314560000000000173e+01 9.663769999999999527e+01
2.772999999999999909e-01 1.971600000000000019e+00 7.324900000000000411e+00 2.668909999999999982e+01 9.055809999999999604e+01
2.580000000000000071e-01 1.772100000000000009e+00 6.385399999999999743e+00 2.325489999999999924e+01 8.515170000000000528e+01
2.323999999999999955e-01 1.501900000000000013e+00 5.159099999999999575e+00 1.554279999999999973e+01 4.682130000000000081e+01
2.466000000000000136e-01 1.697400000000000020e+00 5.765600000000000058e+00 2.009430000000000049e+01 7.673720000000000141e+01
2.406999999999999973e-01 1.682299999999999907e+00 5.658800000000000274e+00 2.072190000000000154e+01 6.911090000000000089e+01
2.521999999999999797e-01 1.854500000000000037e+00 6.293599999999999639e+00 2.514570000000000149e+01 8.454479999999999507e+01
2.651000000000000023e-01 2.060400000000000009e+00 7.301099999999999923e+00 2.754929999999999879e+01 8.133490000000000464e+01
2.561999999999999833e-01 1.964599999999999902e+00 6.885200000000000209e+00 2.476480000000000103e+01 6.891679999999999495e+01
2.459000000000000075e-01 1.854200000000000070e+00 6.441099999999999604e+00 2.217299999999999827e+01 5.922059999999999746e+01
2.454999999999999960e-01 1.863799999999999901e+00 6.763899999999999579e+00 2.180069999999999908e+01 5.643950000000000244e+01
2.305000000000000104e-01 1.689000000000000057e+00 5.821799999999999642e+00 1.839280000000000115e+01 4.724960000000000093e+01
4.355999999999999872e-01 4.205799999999999983e+00 2.343420000000000059e+01 1.367783000000000015e+02 1.717561000000000035e+02
3.065999999999999837e-01 2.436300000000000132e+00 1.218210000000000015e+01 5.461350000000000193e+01 1.619978000000000122e+02
2.791000000000000147e-01 2.141000000000000014e+00 1.033999999999999986e+01 4.191479999999999961e+01 1.320203999999999951e+02
2.805000000000000271e-01 2.120000000000000107e+00 1.018079999999999963e+01 4.206329999999999814e+01 1.309892999999999859e+02
2.938999999999999946e-01 2.247100000000000097e+00 1.082659999999999911e+01 4.888419999999999987e+01 1.476020000000000039e+02
2.802000000000000046e-01 2.083600000000000119e+00 1.003570000000000029e+01 4.745060000000000144e+01 1.469976000000000056e+02
2.977000000000000202e-01 2.227599999999999802e+00 1.057620000000000005e+01 4.936189999999999856e+01 1.453580000000000041e+02
3.003000000000000114e-01 2.244699999999999918e+00 1.064869999999999983e+01 5.079939999999999856e+01 1.464179000000000030e+02
2.652999999999999803e-01 1.858999999999999986e+00 8.399800000000000821e+00 3.673969999999999914e+01 1.257088999999999999e+02
2.908999999999999919e-01 2.101399999999999935e+00 9.706699999999999662e+00 4.342699999999999960e+01 1.259474000000000018e+02
2.761000000000000121e-01 1.951100000000000056e+00 8.929600000000000648e+00 4.159369999999999834e+01 1.310122000000000071e+02
2.772999999999999909e-01 1.946900000000000075e+00 8.886200000000000543e+00 4.309380000000000166e+01 1.331396000000000015e+02
2.660000000000000142e-01 1.818300000000000027e+00 7.965499999999999581e+00 3.311290000000000333e+01 1.018139000000000038e+02
2.943999999999999950e-01 2.079699999999999882e+00 9.415599999999999525e+00 4.580559999999999832e+01 1.327719999999999914e+02
2.816000000000000170e-01 1.948600000000000110e+00 8.716200000000000614e+00 4.184199999999999875e+01 1.250319999999999965e+02
2.854999999999999760e-01 1.967899999999999983e+00 8.761900000000000688e+00 4.233039999999999736e+01 1.256499000000000024e+02
2.701000000000000068e-01 1.807299999999999907e+00 7.811200000000000365e+00 3.448490000000000322e+01 1.033525999999999954e+02
2.761000000000000121e-01 1.862500000000000044e+00 8.096099999999999852e+00 3.427120000000000033e+01 9.852949999999999875e+01
2.693999999999999728e-01 1.796200000000000019e+00 7.694399999999999906e+00 3.109420000000000073e+01 9.110890000000000555e+01
2.569000000000000172e-01 1.674500000000000099e+00 7.009800000000000253e+00 2.692340000000000089e+01 8.139100000000000534e+01
2.548000000000000265e-01 1.651799999999999935e+00 6.884500000000000064e+00 2.672340000000000160e+01 8.172150000000000603e+01
2.487000000000000044e-01 1.597299999999999942e+00 6.473700000000000010e+00 2.328170000000000073e+01 7.092539999999999623e+01
2.554000000000000159e-01 1.647499999999999964e+00 6.596599999999999575e+00 2.322690000000000055e+01 7.002719999999999345e+01
2.263000000000000012e-01 1.381299999999999972e+00 5.324300000000000033e+00 1.759870000000000090e+01 6.001709999999999923e+01
2.358000000000000096e-01 1.471200000000000063e+00 5.675799999999999734e+00 1.871189999999999998e+01 6.152859999999999729e+01
2.412999999999999867e-01 1.529800000000000049e+00 5.800900000000000389e+00 1.945200000000000173e+01 6.057529999999999859e+01
2.540000000000000036e-01 1.671499999999999986e+00 6.350900000000000212e+00 2.315309999999999846e+01 7.870990000000000464e+01
2.551999999999999824e-01 1.717400000000000038e+00 6.513099999999999667e+00 2.391700000000000159e+01 7.470390000000000441e+01
2.545999999999999930e-01 1.735100000000000087e+00 6.494799999999999685e+00 2.364639999999999986e+01 7.037800000000000011e+01
2.647999999999999798e-01 1.878600000000000048e+00 7.174900000000000055e+00 2.517660000000000053e+01 6.928209999999999980e+01
2.466000000000000136e-01 1.670700000000000074e+00 6.019700000000000273e+00 2.076569999999999894e+01 5.726630000000000109e+01
2.401999999999999968e-01 1.616900000000000004e+00 5.764400000000000190e+00 1.945680000000000121e+01 5.250090000000000146e+01
3.183000000000000274e-01 2.688899999999999846e+00 1.348160000000000025e+01 5.438660000000000139e+01 2.008320999999999970e+02
2.887000000000000122e-01 2.289699999999999847e+00 1.082760000000000034e+01 4.353889999999999816e+01 1.456108999999999867e+02
2.861000000000000210e-01 2.250900000000000123e+00 1.052870000000000061e+01 4.177960000000000207e+01 1.282973000000000070e+02
2.701000000000000068e-01 2.063600000000000101e+00 9.305099999999999483e+00 3.459770000000000323e+01 1.079200000000000017e+02
2.827000000000000068e-01 2.225000000000000089e+00 1.024540000000000006e+01 4.111619999999999919e+01 1.244449000000000041e+02
2.837999999999999967e-01 2.245200000000000085e+00 1.025189999999999912e+01 4.172509999999999764e+01 1.249022999999999968e+02
3.212999999999999745e-01 2.820600000000000218e+00 1.488780000000000037e+01 6.891030000000000655e+01 8.172570000000000334e+01
2.812999999999999945e-01 2.241800000000000015e+00 9.995200000000000529e+00 4.279390000000000072e+01 1.321739000000000033e+02
2.482999999999999929e-01 1.843699999999999894e+00 7.542099999999999582e+00 2.938410000000000011e+01 1.124578999999999951e+02
2.637999999999999790e-01 2.034100000000000019e+00 8.710100000000000620e+00 3.529919999999999902e+01 1.094972000000000065e+02
2.610999999999999988e-01 2.002299999999999969e+00 8.437699999999999534e+00 3.415590000000000259e+01 1.058910999999999945e+02
2.421000000000000096e-01 1.748699999999999921e+00 6.726200000000000401e+00 2.321529999999999916e+01 8.031080000000000041e+01
